0.133150816522842 0.781865493007887
0.105335707054563 0.651152180256494
0.145601025039946 0.626017716272480
0.959566108578175 0.121086513728509
0.568119992649817 0.843442604217445
0.868556566353215 0.193572357034465
0.550861280257041 0.808487803572539
0.591056753360887 0.274580221901050
0.203393064642693 0.471901372107544
0.588672121976051 0.160044986628175
0.552748998971777 0.872314035834290
0.324271310431472 0.933747890530578
0.184993708564552 0.837561101918377
0.955575545120026 0.696387682408886
0.278090179738619 0.461888705910692
0.409589372790579 0.990376110197876
0.915535743276361 0.8663414360082611
0.599661620775548 0.272351204927279
0.368476028479616 0.074884892193293
0.390849040457873 0.899320967364677